;;; Cardinalità M: 19
;;; Cardinalità N: 19
;;; Probabilità P: 0.5
1 1 0 1 0 0 1 0 0 1 0 1 1 0 1 0 1 1 1 -
0 1 0 0 1 0 1 1 1 0 0 1 0 1 0 1 0 0 0 -
1 1 0 0 1 1 1 0 0 1 1 1 0 0 0 1 0 0 0 -
1 0 0 0 0 1 0 1 1 1 1 1 0 0 1 1 0 1 1 -
0 1 1 1 1 0 1 1 1 1 0 0 0 0 0 0 0 1 0 -
0 0 1 0 1 0 0 0 1 1 0 1 1 0 1 0 0 1 0 -
1 1 1 0 0 1 0 1 0 0 0 0 1 1 1 1 0 1 1 -
0 0 1 1 0 1 1 1 0 0 1 0 1 0 1 0 0 1 1 -
0 0 0 1 1 0 1 0 1 1 0 0 1 0 0 1 0 0 1 -
0 1 0 1 0 0 0 1 1 1 1 0 0 1 1 0 1 0 0 -
0 0 1 0 1 0 0 0 1 1 1 1 0 1 0 0 0 0 1 -
0 0 0 0 1 1 1 1 1 0 0 0 0 1 0 0 0 1 1 -
0 1 0 1 1 0 0 0 1 0 1 0 1 0 1 0 1 1 1 -
1 0 1 1 0 0 1 1 0 0 0 0 1 1 0 0 1 1 0 -
0 1 0 0 0 0 0 1 1 0 1 1 1 0 1 0 1 0 0 -
0 1 1 0 1 0 0 1 1 1 1 0 1 1 0 0 0 0 0 -
1 1 0 1 0 1 1 1 1 1 1 0 1 0 1 1 0 0 0 -
0 0 1 1 1 0 1 1 0 1 0 0 0 0 0 1 1 1 1 -
1 1 0 1 0 0 0 1 1 1 1 1 0 1 1 1 0 0 0 -